# gauge_id= 32412 location=( -0.8639200000E+02 -0.1797500000E+02 ) num_var=  4
# level, time, q[  1  2  3], eta, aux[]
   01  0.0000000E+00  0.4427352E+04  0.0000000E+00  0.0000000E+00  0.0000000E+00
   01  0.2000000E+00  0.4427352E+04 -0.2389808E-14 -0.2818625E-14  0.0000000E+00
   01  0.4000000E+00  0.4427352E+04 -0.4778013E-14 -0.5636501E-14  0.0000000E+00
   02  0.6000000E+00  0.4425462E+04 -0.8430932E-14 -0.6561257E-14  0.0000000E+00
   02  0.8000000E+00  0.4425462E+04 -0.5789562E-14 -0.2911693E-14  0.0000000E+00
   02  0.1000000E+01  0.4425462E+04 -0.3147706E-14  0.7406941E-15  0.0000000E+00
   02  0.1200000E+01  0.4425462E+04 -0.5052881E-15  0.4395904E-14  0.0000000E+00
   02  0.1818584E+03  0.4425462E+04  0.2383214E-11  0.3294179E-11  0.0000000E+00
   02  0.3625168E+03  0.4425462E+04  0.3787057E-11  0.4879052E-11  0.0000000E+00
   02  0.5431752E+03  0.4425462E+04  0.4376055E-11  0.5869589E-11  0.0000000E+00
   02  0.7238336E+03  0.4425462E+04  0.4656668E-11  0.6582939E-11  0.0000000E+00
   02  0.9157563E+03  0.4425462E+04  0.4859720E-11  0.7182562E-11  0.0000000E+00
   02  0.1107679E+04  0.4425462E+04  0.4803594E-11  0.7673504E-11  0.0000000E+00
   02  0.1299602E+04  0.4425462E+04  0.4604253E-11  0.8228245E-11  0.0000000E+00
   02  0.1491524E+04  0.4425462E+04  0.4382996E-11  0.8789238E-11  0.0000000E+00
   02  0.1645762E+04  0.4425462E+04  0.4063276E-11  0.9290123E-11  0.0000000E+00
   02  0.1800000E+04  0.4425462E+04  0.3790612E-11  0.9806997E-11  0.0000000E+00
   02  0.1991923E+04  0.4425462E+04  0.3762580E-11  0.1030201E-10  0.0000000E+00
   02  0.2183845E+04  0.4425462E+04  0.3725236E-11  0.1084391E-10  0.0000000E+00
   02  0.2375768E+04  0.4425462E+04  0.3683263E-11  0.1133429E-10  0.0000000E+00
   02  0.2567691E+04  0.4425462E+04  0.3639825E-11  0.1184625E-10  0.0000000E+00
   02  0.2759613E+04  0.4425462E+04  0.3595856E-11  0.1229005E-10  0.0000000E+00
   02  0.2951536E+04  0.4425462E+04  0.3577800E-11  0.1180060E-10  0.0000000E+00
   02  0.3143459E+04  0.4425462E+04  0.3552024E-11  0.1138137E-10  0.0000000E+00
   02  0.3335381E+04  0.4425462E+04  0.3512817E-11  0.1128935E-10  0.0000000E+00
   02  0.3467691E+04  0.4425462E+04  0.3075386E-11  0.1156964E-10  0.0000000E+00
   02  0.3600000E+04  0.4425462E+04  0.2711547E-11  0.1187346E-10  0.0000000E+00
   02  0.3791923E+04  0.4425462E+04  0.2879740E-11  0.1200761E-10  0.0000000E+00
   02  0.3983845E+04  0.4425462E+04  0.2935388E-11  0.1226739E-10  0.0000000E+00
   02  0.4175768E+04  0.4425462E+04  0.2959292E-11  0.1247109E-10  0.0000000E+00
   02  0.4367691E+04  0.4425462E+04  0.3009536E-11  0.1189603E-10  0.0000000E+00
   02  0.4559613E+04  0.4425462E+04  0.3058873E-11  0.1152696E-10  0.0000000E+00
   02  0.4751536E+04  0.4425462E+04  0.3109492E-11  0.1129400E-10  0.0000000E+00
   02  0.4943459E+04  0.4425462E+04  0.3178863E-11  0.1118036E-10  0.0000000E+00
   02  0.5135381E+04  0.4425462E+04  0.4105082E-11  0.1146451E-10  0.0000000E+00
   02  0.5267691E+04  0.4425462E+04  0.1416335E-10  0.1403243E-10  0.0000000E+00
   02  0.5400000E+04  0.4425462E+04  0.2555200E-09 -0.2513238E-09 -0.1818989E-11
   02  0.5591923E+04  0.4425462E+04  0.2941074E-08 -0.2070003E-08 -0.2273737E-10
   02  0.5783845E+04  0.4425462E+04  0.1958979E-07 -0.1684487E-07 -0.1500666E-09
   02  0.5975768E+04  0.4425462E+04  0.7505282E-07 -0.5051086E-07 -0.4865797E-09
   02  0.6167691E+04  0.4425462E+04  0.1777016E-06 -0.8118708E-07 -0.8321877E-09
   02  0.6359613E+04  0.4425462E+04 -0.1991787E-06  0.1186366E-06  0.2298293E-08
   02  0.6551536E+04  0.4425462E+04 -0.3282800E-05  0.2446049E-05  0.2611614E-07
   02  0.6743459E+04  0.4425462E+04 -0.1419698E-04  0.1246501E-04  0.1085937E-06
   02  0.6935381E+04  0.4425462E+04 -0.4007705E-04  0.4203950E-04  0.3093273E-06
   02  0.7067691E+04  0.4425462E+04 -0.7204393E-04  0.6975368E-04  0.5100674E-06
   02  0.7200000E+04  0.4425462E+04 -0.1231947E-03  0.1029104E-03  0.8040306E-06
   02  0.7391923E+04  0.4425462E+04 -0.2289821E-03  0.1286351E-03  0.1182025E-05
   02  0.7583845E+04  0.4425462E+04 -0.2424907E-03  0.2294777E-04  0.4991907E-06
   02  0.7775768E+04  0.4425462E+04  0.9020567E-04 -0.9059497E-03 -0.5582790E-05
   02  0.7967691E+04  0.4425462E+04  0.1856013E-02 -0.2769271E-02 -0.2171043E-04
   03  0.8159613E+04  0.4382719E+04  0.2174832E-02 -0.2740807E-02 -0.2310619E-04
   03  0.8197998E+04  0.4382719E+04  0.2684524E-02 -0.5490379E-02 -0.3322467E-04
   03  0.8236382E+04  0.4382718E+04  0.3388971E-02 -0.7985067E-02 -0.4355210E-04
   03  0.8274767E+04  0.4382718E+04  0.4550020E-02 -0.9943767E-02 -0.5404712E-04
   03  0.8313151E+04  0.4382718E+04  0.6509115E-02 -0.1160893E-01 -0.6693000E-04
   03  0.8351536E+04  0.4382718E+04  0.9256436E-02 -0.1320510E-01 -0.8258829E-04
   03  0.8389921E+04  0.4382718E+04  0.1259437E-01 -0.1493780E-01 -0.1003621E-03
   03  0.8428305E+04  0.4382718E+04  0.1632943E-01 -0.1694236E-01 -0.1196201E-03
   03  0.8466690E+04  0.4382718E+04  0.2028153E-01 -0.1931590E-01 -0.1398988E-03
   03  0.8505074E+04  0.4382718E+04  0.2426835E-01 -0.2213810E-01 -0.1609002E-03
   03  0.8543459E+04  0.4382718E+04  0.2812924E-01 -0.2547043E-01 -0.1824696E-03
   03  0.8581843E+04  0.4382718E+04  0.3179619E-01 -0.2934020E-01 -0.2047789E-03
   03  0.8620228E+04  0.4382718E+04  0.3535997E-01 -0.3373228E-01 -0.2285369E-03
   03  0.8658612E+04  0.4382718E+04  0.3908034E-01 -0.3860202E-01 -0.2550306E-03
   03  0.8696997E+04  0.4382718E+04  0.4332926E-01 -0.4390620E-01 -0.2859104E-03
   03  0.8735381E+04  0.4382718E+04  0.4849129E-01 -0.4963280E-01 -0.3227840E-03
   03  0.8768459E+04  0.4382718E+04  0.5391023E-01 -0.5492927E-01 -0.3602746E-03
   03  0.8801536E+04  0.4382718E+04  0.6031100E-01 -0.6059724E-01 -0.4032570E-03
   03  0.8834613E+04  0.4382718E+04  0.6764891E-01 -0.6666876E-01 -0.4513035E-03
   03  0.8867691E+04  0.4382718E+04  0.7576228E-01 -0.7315351E-01 -0.5034171E-03
   03  0.8900768E+04  0.4382718E+04  0.8439719E-01 -0.8002547E-01 -0.5581604E-03
   03  0.8933845E+04  0.4382718E+04  0.9325328E-01 -0.8721986E-01 -0.6138857E-03
   03  0.8966923E+04  0.4382718E+04  0.1020397E+00 -0.9464137E-01 -0.6690208E-03
   03  0.9000000E+04  0.4382718E+04  0.1105301E+00 -0.1021810E+00 -0.7223491E-03
   03  0.9038385E+04  0.4382718E+04  0.1198722E+00 -0.1109450E+00 -0.7812094E-03
   03  0.9076769E+04  0.4382718E+04  0.1286797E+00 -0.1196167E+00 -0.8368816E-03
   03  0.9115154E+04  0.4382718E+04  0.1371729E+00 -0.1281489E+00 -0.8904964E-03
   03  0.9153538E+04  0.4382718E+04  0.1457084E+00 -0.1365630E+00 -0.9438890E-03
   03  0.9191923E+04  0.4382718E+04  0.1546767E+00 -0.1449327E+00 -0.9990846E-03
   03  0.9230307E+04  0.4382717E+04  0.1643980E+00 -0.1533560E+00 -0.1057766E-02
   03  0.9268692E+04  0.4382717E+04  0.1750423E+00 -0.1619254E+00 -0.1120872E-02
   03  0.9307076E+04  0.4382717E+04  0.1865955E+00 -0.1707062E+00 -0.1188421E-02
   03  0.9345461E+04  0.4382717E+04  0.1988743E+00 -0.1797256E+00 -0.1259582E-02
   03  0.9383845E+04  0.4382717E+04  0.2115817E+00 -0.1889756E+00 -0.1332941E-02
   03  0.9422230E+04  0.4382717E+04  0.2243834E+00 -0.1984231E+00 -0.1406881E-02
   03  0.9460614E+04  0.4382717E+04  0.2369843E+00 -0.2080219E+00 -0.1479946E-02
   03  0.9498999E+04  0.4382717E+04  0.2491834E+00 -0.2177222E+00 -0.1551110E-02
   03  0.9537383E+04  0.4382717E+04  0.2608965E+00 -0.2274722E+00 -0.1619881E-02
   03  0.9575768E+04  0.4382717E+04  0.2721446E+00 -0.2372133E+00 -0.1686234E-02
   03  0.9614153E+04  0.4382717E+04  0.2830131E+00 -0.2468692E+00 -0.1750408E-02
   03  0.9652537E+04  0.4382717E+04  0.2935974E+00 -0.2563357E+00 -0.1812633E-02
   03  0.9690922E+04  0.4382717E+04  0.3039485E+00 -0.2654727E+00 -0.1872860E-02
   03  0.9729306E+04  0.4382717E+04  0.3140343E+00 -0.2741035E+00 -0.1930572E-02
   03  0.9767691E+04  0.4382717E+04  0.3237215E+00 -0.2820190E+00 -0.1984694E-02
   03  0.9799678E+04  0.4382717E+04  0.3313312E+00 -0.2879127E+00 -0.2025995E-02
   03  0.9831665E+04  0.4382716E+04  0.3383143E+00 -0.2930394E+00 -0.2062610E-02
   03  0.9863652E+04  0.4382716E+04  0.3444917E+00 -0.2972523E+00 -0.2093372E-02
   03  0.9895639E+04  0.4382716E+04  0.3497333E+00 -0.3004844E+00 -0.2117646E-02
   03  0.9927626E+04  0.4382716E+04  0.3540280E+00 -0.3027824E+00 -0.2135431E-02
   03  0.9959613E+04  0.4382716E+04  0.3574990E+00 -0.3042884E+00 -0.2147561E-02
   03  0.9991600E+04  0.4382716E+04  0.3603048E+00 -0.3051279E+00 -0.2154894E-02
   03  0.1002359E+05  0.4382716E+04  0.3625976E+00 -0.3055312E+00 -0.2158606E-02
   03  0.1005557E+05  0.4382716E+04  0.3644712E+00 -0.3055368E+00 -0.2159240E-02
   03  0.1008756E+05  0.4382716E+04  0.3659752E+00 -0.3050124E+00 -0.2156614E-02
   03  0.1011955E+05  0.4382716E+04  0.3671227E+00 -0.3037665E+00 -0.2150251E-02
   03  0.1015154E+05  0.4382716E+04  0.3678577E+00 -0.3016564E+00 -0.2139994E-02
   03  0.1018352E+05  0.4382716E+04  0.3682295E+00 -0.2986267E+00 -0.2125807E-02
   03  0.1021551E+05  0.4382716E+04  0.3682851E+00 -0.2947680E+00 -0.2107656E-02
   03  0.1024750E+05  0.4382716E+04  0.3679350E+00 -0.2900999E+00 -0.2085743E-02
   03  0.1027948E+05  0.4382716E+04  0.3670870E+00 -0.2846837E+00 -0.2059870E-02
   03  0.1031147E+05  0.4382717E+04  0.3659454E+00 -0.2785712E+00 -0.2030492E-02
   03  0.1034346E+05  0.4382717E+04  0.3644379E+00 -0.2718256E+00 -0.1997550E-02
   03  0.1037545E+05  0.4382717E+04  0.3624827E+00 -0.2644928E+00 -0.1960725E-02
   03  0.1040743E+05  0.4382717E+04  0.3600202E+00 -0.2565646E+00 -0.1919978E-02
   03  0.1043942E+05  0.4382717E+04  0.3569971E+00 -0.2480608E+00 -0.1874955E-02
   03  0.1047141E+05  0.4382717E+04  0.3533583E+00 -0.2389577E+00 -0.1825379E-02
   03  0.1050339E+05  0.4382717E+04  0.3490450E+00 -0.2291496E+00 -0.1770793E-02
   03  0.1053538E+05  0.4382717E+04  0.3439574E+00 -0.2184398E+00 -0.1710183E-02
   03  0.1056478E+05  0.4382717E+04  0.3384527E+00 -0.2075455E+00 -0.1647767E-02
   03  0.1059419E+05  0.4382717E+04  0.3319267E+00 -0.1952496E+00 -0.1576501E-02
   03  0.1062359E+05  0.4382717E+04  0.3240366E+00 -0.1809554E+00 -0.1493152E-02
   03  0.1065299E+05  0.4382717E+04  0.3142742E+00 -0.1638299E+00 -0.1393201E-02
   03  0.1068239E+05  0.4382717E+04  0.3019284E+00 -0.1427802E+00 -0.1270398E-02
   03  0.1071179E+05  0.4382717E+04  0.2860445E+00 -0.1163948E+00 -0.1116484E-02
   03  0.1074120E+05  0.4382718E+04  0.2653855E+00 -0.8288164E-01 -0.9209415E-03
   03  0.1077060E+05  0.4382718E+04  0.2383955E+00 -0.4003059E-01 -0.6706809E-03
   03  0.1080000E+05  0.4382718E+04  0.2031654E+00  0.1482989E-01 -0.3498203E-03
   03  0.1083838E+05  0.4382719E+04  0.1407417E+00  0.1103091E+00  0.2109978E-03
   03  0.1087677E+05  0.4382720E+04  0.5414307E-01  0.2401748E+00  0.9753335E-03
   03  0.1091515E+05  0.4382721E+04 -0.6387255E-01  0.4142214E+00  0.2001758E-02
   03  0.1095354E+05  0.4382722E+04 -0.2216350E+00  0.6436189E+00  0.3357135E-02
   03  0.1099192E+05  0.4382724E+04 -0.4284409E+00  0.9407390E+00  0.5115587E-02
   03  0.1103031E+05  0.4382726E+04 -0.6943572E+00  0.1318875E+01  0.7356830E-02
   03  0.1106869E+05  0.4382729E+04 -0.1029934E+01  0.1791854E+01  0.1016382E-01
   03  0.1110708E+05  0.4382732E+04 -0.1445828E+01  0.2373530E+01  0.1361966E-01
   03  0.1114546E+05  0.4382736E+04 -0.1952339E+01  0.3077175E+01  0.1780390E-01
   03  0.1118385E+05  0.4382741E+04 -0.2558863E+01  0.3914757E+01  0.2278817E-01
   03  0.1122223E+05  0.4382747E+04 -0.3273292E+01  0.4896135E+01  0.2863133E-01
   03  0.1126061E+05  0.4382754E+04 -0.4101352E+01  0.6028200E+01  0.3537429E-01
   03  0.1129900E+05  0.4382762E+04 -0.5045945E+01  0.7313983E+01  0.4303472E-01
   03  0.1133738E+05  0.4382770E+04 -0.6106510E+01  0.8751819E+01  0.5160212E-01
   03  0.1137577E+05  0.4382780E+04 -0.7278497E+01  0.1033463E+02  0.6103358E-01
   03  0.1141415E+05  0.4382790E+04 -0.8552988E+01  0.1204939E+02  0.7125088E-01
   03  0.1145254E+05  0.4382801E+04 -0.9916543E+01  0.1387697E+02  0.8213932E-01
   03  0.1149092E+05  0.4382812E+04 -0.1135128E+02  0.1579215E+02  0.9354849E-01
   03  0.1152931E+05  0.4382824E+04 -0.1283518E+02  0.1776417E+02  0.1052951E+00
   03  0.1156769E+05  0.4382836E+04 -0.1434264E+02  0.1975747E+02  0.1171677E+00
   03  0.1160608E+05  0.4382847E+04 -0.1584518E+02  0.2173292E+02  0.1289336E+00
   03  0.1164446E+05  0.4382859E+04 -0.1731230E+02  0.2364923E+02  0.1403466E+00
   03  0.1168284E+05  0.4382870E+04 -0.1871225E+02  0.2546473E+02  0.1511563E+00
   03  0.1172123E+05  0.4382880E+04 -0.2001274E+02  0.2713911E+02  0.1611162E+00
   03  0.1175961E+05  0.4382889E+04 -0.2118139E+02  0.2863334E+02  0.1699844E+00
   03  0.1179800E+05  0.4382896E+04 -0.2218620E+02  0.2991106E+02  0.1775335E+00
   03  0.1183638E+05  0.4382902E+04 -0.2299541E+02  0.3093546E+02  0.1835303E+00
   03  0.1187477E+05  0.4382906E+04 -0.2358279E+02  0.3168423E+02  0.1878559E+00
   03  0.1191315E+05  0.4382909E+04 -0.2393195E+02  0.3215580E+02  0.1904531E+00
   03  0.1195154E+05  0.4382910E+04 -0.2408578E+02  0.3239895E+02  0.1916291E+00
   03  0.1198352E+05  0.4382910E+04 -0.2408477E+02  0.3246328E+02  0.1917072E+00
   03  0.1201551E+05  0.4382910E+04 -0.2405319E+02  0.3245500E+02  0.1914218E+00
   03  0.1204750E+05  0.4382909E+04 -0.2397809E+02  0.3240138E+02  0.1907575E+00
   03  0.1207948E+05  0.4382908E+04 -0.2384249E+02  0.3228805E+02  0.1896696E+00
   03  0.1211147E+05  0.4382907E+04 -0.2363248E+02  0.3209033E+02  0.1880256E+00
   03  0.1214346E+05  0.4382904E+04 -0.2333343E+02  0.3177861E+02  0.1857193E+00
   03  0.1217545E+05  0.4382901E+04 -0.2294075E+02  0.3134914E+02  0.1827281E+00
   03  0.1220743E+05  0.4382898E+04 -0.2245518E+02  0.3081451E+02  0.1790992E+00
   03  0.1223942E+05  0.4382893E+04 -0.2189245E+02  0.3018302E+02  0.1748586E+00
   03  0.1227141E+05  0.4382889E+04 -0.2126699E+02  0.2946153E+02  0.1700770E+00
   03  0.1230339E+05  0.4382883E+04 -0.2058318E+02  0.2866176E+02  0.1648475E+00
   03  0.1233538E+05  0.4382878E+04 -0.1985313E+02  0.2779828E+02  0.1592203E+00
   03  0.1236478E+05  0.4382872E+04 -0.1914830E+02  0.2695700E+02  0.1537633E+00
   03  0.1239419E+05  0.4382867E+04 -0.1841731E+02  0.2607774E+02  0.1480868E+00
   03  0.1242359E+05  0.4382861E+04 -0.1766615E+02  0.2516746E+02  0.1422264E+00
   03  0.1245299E+05  0.4382855E+04 -0.1689887E+02  0.2423188E+02  0.1362163E+00
   03  0.1248239E+05  0.4382849E+04 -0.1611866E+02  0.2327492E+02  0.1300847E+00
   03  0.1251179E+05  0.4382842E+04 -0.1532796E+02  0.2229941E+02  0.1238528E+00
   03  0.1254120E+05  0.4382836E+04 -0.1452838E+02  0.2130734E+02  0.1175354E+00
   03  0.1257060E+05  0.4382830E+04 -0.1372104E+02  0.2029978E+02  0.1111416E+00
   03  0.1260000E+05  0.4382823E+04 -0.1290678E+02  0.1927708E+02  0.1046759E+00
   03  0.1263199E+05  0.4382816E+04 -0.1201374E+02  0.1814728E+02  0.9756188E-01
   03  0.1266397E+05  0.4382809E+04 -0.1111363E+02  0.1699907E+02  0.9036364E-01
   03  0.1269596E+05  0.4382802E+04 -0.1020676E+02  0.1583203E+02  0.8308061E-01
   03  0.1272795E+05  0.4382794E+04 -0.9293523E+01  0.1464591E+02  0.7571340E-01
   03  0.1275994E+05  0.4382787E+04 -0.8374469E+01  0.1344087E+02  0.6826502E-01
   03  0.1279192E+05  0.4382779E+04 -0.7450492E+01  0.1221753E+02  0.6074165E-01
   03  0.1282391E+05  0.4382772E+04 -0.6522900E+01  0.1097717E+02  0.5315324E-01
   03  0.1285590E+05  0.4382764E+04 -0.5593429E+01  0.9721712E+01  0.4551368E-01
   03  0.1288788E+05  0.4382756E+04 -0.4664281E+01  0.8453810E+01  0.3784048E-01
   03  0.1291987E+05  0.4382749E+04 -0.3738076E+01  0.7176837E+01  0.3015439E-01
   03  0.1295186E+05  0.4382741E+04 -0.2817792E+01  0.5894826E+01  0.2247897E-01
   03  0.1298385E+05  0.4382733E+04 -0.1906653E+01  0.4612374E+01  0.1484007E-01
   03  0.1301583E+05  0.4382726E+04 -0.1008013E+01  0.3334529E+01  0.7265256E-02
   03  0.1304782E+05  0.4382718E+04 -0.1252382E+00  0.2066653E+01 -0.2167821E-03
   03  0.1307981E+05  0.4382711E+04  0.7383788E+00  0.8142747E+00 -0.7576894E-02
   03  0.1311179E+05  0.4382704E+04  0.1579695E+01 -0.4170719E+00 -0.1478611E-01
   03  0.1314378E+05  0.4382697E+04  0.2395770E+01 -0.1621989E+01 -0.2181629E-01
   03  0.1317577E+05  0.4382690E+04  0.3183917E+01 -0.2795342E+01 -0.2864086E-01
   03  0.1320776E+05  0.4382683E+04  0.3941765E+01 -0.3932357E+01 -0.3523533E-01
   03  0.1323974E+05  0.4382677E+04  0.4667314E+01 -0.5028697E+01 -0.4157789E-01
   03  0.1327173E+05  0.4382671E+04  0.5359002E+01 -0.6080530E+01 -0.4764974E-01
   03  0.1330372E+05  0.4382665E+04  0.6015743E+01 -0.7084569E+01 -0.5343532E-01
   03  0.1333570E+05  0.4382660E+04  0.6636950E+01 -0.8038103E+01 -0.5892246E-01
   03  0.1336769E+05  0.4382654E+04  0.7222535E+01 -0.8939030E+01 -0.6410236E-01
   03  0.1339968E+05  0.4382650E+04  0.7772877E+01 -0.9785871E+01 -0.6896962E-01
   03  0.1343166E+05  0.4382645E+04  0.8288781E+01 -0.1057778E+02 -0.7352215E-01
   03  0.1346365E+05  0.4382641E+04  0.8771424E+01 -0.1131456E+02 -0.7776105E-01
   03  0.1349564E+05  0.4382637E+04  0.9222284E+01 -0.1199664E+02 -0.8169050E-01
   03  0.1352763E+05  0.4382633E+04  0.9643050E+01 -0.1262500E+02 -0.8531740E-01
   03  0.1355961E+05  0.4382630E+04  0.1003552E+02 -0.1320118E+02 -0.8865087E-01
   03  0.1359160E+05  0.4382627E+04  0.1040146E+02 -0.1372703E+02 -0.9170147E-01
   03  0.1362359E+05  0.4382624E+04  0.1074244E+02 -0.1420462E+02 -0.9448019E-01
   03  0.1365557E+05  0.4382622E+04  0.1105967E+02 -0.1463596E+02 -0.9699723E-01
   03  0.1368756E+05  0.4382619E+04  0.1135380E+02 -0.1502283E+02 -0.9926065E-01
   03  0.1371955E+05  0.4382617E+04  0.1162483E+02 -0.1536652E+02 -0.1012757E+00
   03  0.1375154E+05  0.4382615E+04  0.1187173E+02 -0.1566755E+02 -0.1030420E+00
   03  0.1378352E+05  0.4382614E+04  0.1209269E+02 -0.1592549E+02 -0.1045554E+00
   03  0.1381551E+05  0.4382613E+04  0.1228441E+02 -0.1613915E+02 -0.1058029E+00
   03  0.1384750E+05  0.4382612E+04  0.1244333E+02 -0.1630807E+02 -0.1067683E+00
   03  0.1387948E+05  0.4382611E+04  0.1256623E+02 -0.1643167E+02 -0.1074497E+00
   03  0.1391147E+05  0.4382611E+04  0.1265175E+02 -0.1651282E+02 -0.1078570E+00
   03  0.1394346E+05  0.4382610E+04  0.1270566E+02 -0.1656087E+02 -0.1080463E+00
   03  0.1397545E+05  0.4382610E+04  0.1273570E+02 -0.1658503E+02 -0.1080747E+00
   03  0.1400743E+05  0.4382611E+04  0.1275130E+02 -0.1659206E+02 -0.1079764E+00
   03  0.1403942E+05  0.4382611E+04  0.1276057E+02 -0.1658498E+02 -0.1077828E+00
   03  0.1407141E+05  0.4382611E+04  0.1275463E+02 -0.1656553E+02 -0.1074798E+00
   03  0.1410339E+05  0.4382612E+04  0.1272607E+02 -0.1652327E+02 -0.1070128E+00
   03  0.1413538E+05  0.4382612E+04  0.1266405E+02 -0.1644604E+02 -0.1063094E+00
   03  0.1416846E+05  0.4382613E+04  0.1255661E+02 -0.1632033E+02 -0.1052809E+00
   03  0.1420154E+05  0.4382615E+04  0.1240203E+02 -0.1614476E+02 -0.1039326E+00
   03  0.1423461E+05  0.4382616E+04  0.1220180E+02 -0.1591554E+02 -0.1022547E+00
   03  0.1426769E+05  0.4382618E+04  0.1195657E+02 -0.1563311E+02 -0.1002474E+00
   03  0.1430077E+05  0.4382621E+04  0.1166596E+02 -0.1529910E+02 -0.9792801E-01
   03  0.1433385E+05  0.4382623E+04  0.1133600E+02 -0.1491896E+02 -0.9529124E-01
   03  0.1436692E+05  0.4382626E+04  0.1096887E+02 -0.1449358E+02 -0.9237301E-01
   03  0.1440000E+05  0.4382629E+04  0.1056633E+02 -0.1402758E+02 -0.8920344E-01
   03  0.1443199E+05  0.4382633E+04  0.1014587E+02 -0.1354352E+02 -0.8593024E-01
   03  0.1446397E+05  0.4382636E+04  0.9698328E+01 -0.1303233E+02 -0.8248190E-01
   03  0.1449596E+05  0.4382640E+04  0.9227868E+01 -0.1249942E+02 -0.7889118E-01
   03  0.1452795E+05  0.4382643E+04  0.8738818E+01 -0.1195055E+02 -0.7519248E-01
   03  0.1455994E+05  0.4382647E+04  0.8235668E+01 -0.1139128E+02 -0.7142042E-01
   03  0.1459192E+05  0.4382651E+04  0.7722973E+01 -0.1082702E+02 -0.6760873E-01
   03  0.1462391E+05  0.4382655E+04  0.7205371E+01 -0.1026286E+02 -0.6378911E-01
   03  0.1465590E+05  0.4382659E+04  0.6687401E+01 -0.9703390E+01 -0.5999108E-01
   03  0.1468788E+05  0.4382662E+04  0.6173304E+01 -0.9152745E+01 -0.5624162E-01
   03  0.1471987E+05  0.4382666E+04  0.5666929E+01 -0.8614551E+01 -0.5256448E-01
   03  0.1475186E+05  0.4382670E+04  0.5171650E+01 -0.8091870E+01 -0.4898001E-01
   03  0.1478385E+05  0.4382673E+04  0.4690299E+01 -0.7587160E+01 -0.4550511E-01
   03  0.1481583E+05  0.4382676E+04  0.4225130E+01 -0.7102309E+01 -0.4215310E-01
   03  0.1484782E+05  0.4382680E+04  0.3777815E+01 -0.6638687E+01 -0.3893396E-01
   03  0.1487981E+05  0.4382683E+04  0.3349472E+01 -0.6197209E+01 -0.3585474E-01
   03  0.1491179E+05  0.4382686E+04  0.2940750E+01 -0.5778416E+01 -0.3291999E-01
   03  0.1495444E+05  0.4382689E+04  0.2426886E+01 -0.5256080E+01 -0.2923762E-01
   03  0.1498288E+05  0.4382692E+04  0.2104120E+01 -0.4930410E+01 -0.2692711E-01
   03  0.1501131E+05  0.4382694E+04  0.1797404E+01 -0.4623075E+01 -0.2473536E-01
   03  0.1503974E+05  0.4382696E+04  0.1506958E+01 -0.4334284E+01 -0.2266356E-01
   03  0.1506533E+05  0.4382698E+04  0.1259826E+01 -0.4090479E+01 -0.2090270E-01
   03  0.1509092E+05  0.4382699E+04  0.1026847E+01 -0.3862393E+01 -0.1924300E-01
   03  0.1511651E+05  0.4382701E+04  0.8088751E+00 -0.3650613E+01 -0.1768794E-01
   03  0.1514210E+05  0.4382702E+04  0.6070446E+00 -0.3455892E+01 -0.1624233E-01
   03  0.1516769E+05  0.4382704E+04  0.4226864E+00 -0.3279154E+01 -0.1491217E-01
   03  0.1520608E+05  0.4382705E+04  0.1820151E+00 -0.3050116E+01 -0.1314951E-01
   03  0.1524446E+05  0.4382707E+04 -0.1176056E-01 -0.2867183E+01 -0.1168068E-01
   03  0.1528284E+05  0.4382708E+04 -0.1565938E+00 -0.2732479E+01 -0.1051746E-01
   03  0.1532123E+05  0.4382709E+04 -0.2518171E+00 -0.2644124E+01 -0.9648467E-02
   03  0.1535961E+05  0.4382709E+04 -0.3004511E+00 -0.2597436E+01 -0.9044654E-02
   03  0.1539800E+05  0.4382710E+04 -0.3109039E+00 -0.2583843E+01 -0.8651747E-02
   03  0.1543638E+05  0.4382710E+04 -0.2937840E+00 -0.2596731E+01 -0.8420226E-02
   03  0.1547477E+05  0.4382710E+04 -0.2637894E+00 -0.2633259E+01 -0.8310129E-02
   03  0.1551315E+05  0.4382710E+04 -0.2131895E+00 -0.2690189E+01 -0.8318055E-02
   03  0.1555154E+05  0.4382710E+04 -0.1428671E+00 -0.2769987E+01 -0.8459625E-02
   03  0.1558992E+05  0.4382710E+04 -0.5051699E-01 -0.2879851E+01 -0.8765588E-02
   03  0.1562831E+05  0.4382709E+04  0.6344232E-01 -0.3020965E+01 -0.9236215E-02
   03  0.1566669E+05  0.4382709E+04  0.1941043E+00 -0.3189732E+01 -0.9855968E-02
   03  0.1570507E+05  0.4382708E+04  0.3365194E+00 -0.3383844E+01 -0.1060016E-01
   03  0.1574346E+05  0.4382707E+04  0.4863172E+00 -0.3599298E+01 -0.1144514E-01
   03  0.1578184E+05  0.4382706E+04  0.6393291E+00 -0.3831712E+01 -0.1236643E-01
   03  0.1582023E+05  0.4382705E+04  0.7920610E+00 -0.4077036E+01 -0.1333685E-01
   03  0.1585861E+05  0.4382704E+04  0.9413395E+00 -0.4331008E+01 -0.1433051E-01
   03  0.1589700E+05  0.4382703E+04  0.1084071E+01 -0.4589112E+01 -0.1531872E-01
   03  0.1593538E+05  0.4382702E+04  0.1214520E+01 -0.4846438E+01 -0.1625988E-01
   03  0.1596184E+05  0.4382702E+04  0.1293553E+01 -0.5020069E+01 -0.1685486E-01
   03  0.1598831E+05  0.4382701E+04  0.1358131E+01 -0.5187517E+01 -0.1737212E-01
   03  0.1601477E+05  0.4382701E+04  0.1407945E+01 -0.5346950E+01 -0.1780851E-01
   03  0.1604123E+05  0.4382700E+04  0.1446058E+01 -0.5498142E+01 -0.1817784E-01
   03  0.1606769E+05  0.4382700E+04  0.1477270E+01 -0.5641349E+01 -0.1850093E-01
   03  0.1609415E+05  0.4382700E+04  0.1503444E+01 -0.5776759E+01 -0.1878575E-01
   03  0.1612061E+05  0.4382700E+04  0.1524790E+01 -0.5903968E+01 -0.1903186E-01
   03  0.1614708E+05  0.4382699E+04  0.1538103E+01 -0.6021779E+01 -0.1922319E-01
   03  0.1617354E+05  0.4382699E+04  0.1538570E+01 -0.6128048E+01 -0.1933416E-01
   03  0.1620000E+05  0.4382699E+04  0.1519100E+01 -0.6220496E+01 -0.1933070E-01
   03  0.1623838E+05  0.4382699E+04  0.1442611E+01 -0.6328620E+01 -0.1906040E-01
   03  0.1627677E+05  0.4382700E+04  0.1306925E+01 -0.6408792E+01 -0.1846877E-01
   03  0.1631515E+05  0.4382701E+04  0.1119220E+01 -0.6463191E+01 -0.1758457E-01
   03  0.1635354E+05  0.4382702E+04  0.8828093E+00 -0.6494700E+01 -0.1643157E-01
   03  0.1639192E+05  0.4382703E+04  0.6024025E+00 -0.6506354E+01 -0.1504080E-01
   03  0.1643031E+05  0.4382705E+04  0.2835250E+00 -0.6503893E+01 -0.1344434E-01
   03  0.1646869E+05  0.4382707E+04 -0.7155910E-01 -0.6492125E+01 -0.1166245E-01
   03  0.1650708E+05  0.4382709E+04 -0.4654940E+00 -0.6467160E+01 -0.9672918E-02
   03  0.1654546E+05  0.4382711E+04 -0.9027399E+00 -0.6417829E+01 -0.7422526E-02
   03  0.1658385E+05  0.4382714E+04 -0.1388073E+01 -0.6335387E+01 -0.4861230E-02
   03  0.1662223E+05  0.4382717E+04 -0.1922673E+01 -0.6212595E+01 -0.1963072E-02
   03  0.1666061E+05  0.4382720E+04 -0.2502121E+01 -0.6050852E+01  0.1255325E-02
   03  0.1669900E+05  0.4382723E+04 -0.3120897E+01 -0.5855687E+01  0.4754275E-02
   03  0.1673738E+05  0.4382727E+04 -0.3772886E+01 -0.5631565E+01  0.8483920E-02
   03  0.1677577E+05  0.4382731E+04 -0.4450849E+01 -0.5383133E+01  0.1240282E-01
   03  0.1681415E+05  0.4382735E+04 -0.5149116E+01 -0.5114846E+01  0.1646688E-01
   03  0.1685254E+05  0.4382739E+04 -0.5862198E+01 -0.4829830E+01  0.2063218E-01
   03  0.1689092E+05  0.4382743E+04 -0.6583618E+01 -0.4530517E+01  0.2486158E-01
   03  0.1692931E+05  0.4382748E+04 -0.7306926E+01 -0.4219276E+01  0.2911801E-01
   03  0.1696769E+05  0.4382752E+04 -0.8025518E+01 -0.3898359E+01  0.3336053E-01
   03  0.1700608E+05  0.4382756E+04 -0.8731491E+01 -0.3569845E+01  0.3754670E-01
   03  0.1704446E+05  0.4382760E+04 -0.9415910E+01 -0.3235559E+01  0.4163047E-01
   03  0.1708284E+05  0.4382764E+04 -0.1006943E+02 -0.2896924E+01  0.4556240E-01
   03  0.1712123E+05  0.4382768E+04 -0.1068284E+02 -0.2554977E+01  0.4929454E-01
   03  0.1715961E+05  0.4382771E+04 -0.1124814E+02 -0.2210337E+01  0.5278456E-01
   03  0.1719800E+05  0.4382775E+04 -0.1175924E+02 -0.1863299E+01  0.5599924E-01
   03  0.1723638E+05  0.4382777E+04 -0.1221198E+02 -0.1514014E+01  0.5891425E-01
   03  0.1727477E+05  0.4382780E+04 -0.1260370E+02 -0.1162773E+01  0.6151242E-01
   03  0.1731315E+05  0.4382782E+04 -0.1293104E+02 -0.8093545E+00  0.6377370E-01
   03  0.1735154E+05  0.4382784E+04 -0.1318899E+02 -0.4540455E+00  0.6567198E-01
   03  0.1738992E+05  0.4382786E+04 -0.1337447E+02 -0.9499595E-01  0.6718629E-01
   03  0.1742831E+05  0.4382787E+04 -0.1348777E+02  0.2693174E+00  0.6831418E-01
   03  0.1746669E+05  0.4382788E+04 -0.1354601E+02  0.6364757E+00  0.6914200E-01
   03  0.1750507E+05  0.4382788E+04 -0.1357983E+02  0.1002227E+01  0.6980997E-01
   03  0.1754346E+05  0.4382789E+04 -0.1360254E+02  0.1363907E+01  0.7038026E-01
   03  0.1758184E+05  0.4382789E+04 -0.1361893E+02  0.1720476E+01  0.7088001E-01
   03  0.1762023E+05  0.4382790E+04 -0.1362629E+02  0.2073056E+01  0.7129234E-01
   03  0.1765861E+05  0.4382790E+04 -0.1360971E+02  0.2423083E+01  0.7154689E-01
   03  0.1769700E+05  0.4382790E+04 -0.1355037E+02  0.2774833E+01  0.7154966E-01
   03  0.1773538E+05  0.4382790E+04 -0.1341901E+02  0.3131420E+01  0.7116436E-01
   03  0.1776184E+05  0.4382789E+04 -0.1328244E+02  0.3379417E+01  0.7065547E-01
   03  0.1778830E+05  0.4382789E+04 -0.1311505E+02  0.3627735E+01  0.6998043E-01
   03  0.1781477E+05  0.4382788E+04 -0.1291936E+02  0.3874947E+01  0.6915256E-01
   03  0.1784123E+05  0.4382787E+04 -0.1269814E+02  0.4119401E+01  0.6818503E-01
   03  0.1786769E+05  0.4382786E+04 -0.1245385E+02  0.4359390E+01  0.6708949E-01
   03  0.1791179E+05  0.4382784E+04 -0.1200028E+02  0.4745154E+01  0.6499927E-01
   03  0.1795590E+05  0.4382781E+04 -0.1149409E+02  0.5107388E+01  0.6259664E-01
   03  0.1800000E+05  0.4382778E+04 -0.1093830E+02  0.5441072E+01  0.5989415E-01
   03  0.1803838E+05  0.4382776E+04 -0.1041500E+02  0.5705764E+01  0.5730141E-01
   03  0.1807677E+05  0.4382773E+04 -0.9854918E+01  0.5945541E+01  0.5448697E-01
   03  0.1811515E+05  0.4382770E+04 -0.9258091E+01  0.6160155E+01  0.5145483E-01
   03  0.1815354E+05  0.4382767E+04 -0.8624825E+01  0.6350037E+01  0.4821328E-01
   03  0.1819192E+05  0.4382763E+04 -0.7955924E+01  0.6516061E+01  0.4477435E-01
   03  0.1823031E+05  0.4382760E+04 -0.7252203E+01  0.6658804E+01  0.4115033E-01
   03  0.1826869E+05  0.4382756E+04 -0.6514512E+01  0.6778699E+01  0.3735409E-01
   03  0.1830708E+05  0.4382752E+04 -0.5745282E+01  0.6874870E+01  0.3339723E-01
   03  0.1834546E+05  0.4382748E+04 -0.4947669E+01  0.6948092E+01  0.2930896E-01
   03  0.1838384E+05  0.4382744E+04 -0.4129423E+01  0.7000890E+01  0.2512516E-01
   03  0.1843182E+05  0.4382738E+04 -0.3089013E+01  0.7039706E+01  0.1979702E-01
   03  0.1847981E+05  0.4382733E+04 -0.2035937E+01  0.7047164E+01  0.1439834E-01
   03  0.1852779E+05  0.4382727E+04 -0.9789785E+00  0.7016513E+01  0.8952331E-02
   03  0.1857577E+05  0.4382722E+04  0.7034147E-01  0.6947227E+01  0.3499116E-02
   03  0.1862375E+05  0.4382717E+04  0.1100100E+01  0.6842527E+01 -0.1900004E-02
   03  0.1867173E+05  0.4382711E+04  0.2097998E+01  0.6705644E+01 -0.7166875E-02
   03  0.1871971E+05  0.4382706E+04  0.3053664E+01  0.6542756E+01 -0.1224156E-01
   03  0.1876769E+05  0.4382701E+04  0.3960051E+01  0.6357528E+01 -0.1707531E-01
   03  0.1881567E+05  0.4382697E+04  0.4811482E+01  0.6153669E+01 -0.2163980E-01
   03  0.1886365E+05  0.4382693E+04  0.5602585E+01  0.5934136E+01 -0.2591476E-01
   03  0.1891163E+05  0.4382689E+04  0.6327653E+01  0.5700618E+01 -0.2987771E-01
   03  0.1895961E+05  0.4382685E+04  0.6980691E+01  0.5454663E+01 -0.3349533E-01
   03  0.1900759E+05  0.4382682E+04  0.7554822E+01  0.5199184E+01 -0.3673509E-01
   03  0.1905557E+05  0.4382679E+04  0.8044410E+01  0.4936515E+01 -0.3954147E-01
   03  0.1910355E+05  0.4382677E+04  0.8437671E+01  0.4668449E+01 -0.4184417E-01
   03  0.1915153E+05  0.4382675E+04  0.8717644E+01  0.4397437E+01 -0.4354969E-01
   03  0.1919951E+05  0.4382674E+04  0.8869757E+01  0.4119607E+01 -0.4455885E-01
   03  0.1924749E+05  0.4382674E+04  0.8913051E+01  0.3834751E+01 -0.4495974E-01
   03  0.1929547E+05  0.4382673E+04  0.8916424E+01  0.3551256E+01 -0.4509403E-01
   03  0.1934345E+05  0.4382673E+04  0.8912962E+01  0.3271411E+01 -0.4513770E-01
   03  0.1939143E+05  0.4382673E+04  0.8903448E+01  0.2992202E+01 -0.4512701E-01
   03  0.1943941E+05  0.4382674E+04  0.8876764E+01  0.2705587E+01 -0.4503468E-01
   03  0.1948739E+05  0.4382674E+04  0.8816623E+01  0.2399106E+01 -0.4478849E-01
   03  0.1953537E+05  0.4382674E+04  0.8707507E+01  0.2062489E+01 -0.4434884E-01
   03  0.1957948E+05  0.4382675E+04  0.8569470E+01  0.1723387E+01 -0.4381612E-01
   03  0.1962358E+05  0.4382675E+04  0.8408320E+01  0.1355728E+01 -0.4322866E-01
   03  0.1966769E+05  0.4382676E+04  0.8234840E+01  0.9606627E+00 -0.4264504E-01
   03  0.1971179E+05  0.4382676E+04  0.8057950E+01  0.5393253E+00 -0.4210461E-01
   03  0.1975590E+05  0.4382677E+04  0.7883595E+01  0.9397249E-01 -0.4162288E-01
   03  0.1980000E+05  0.4382677E+04  0.7713732E+01 -0.3720390E+00 -0.4119999E-01
   03  0.1984798E+05  0.4382678E+04  0.7532801E+01 -0.8972684E+00 -0.4079148E-01
   03  0.1989596E+05  0.4382678E+04  0.7353252E+01 -0.1434641E+01 -0.4040725E-01
   03  0.1994394E+05  0.4382679E+04  0.7171457E+01 -0.1976079E+01 -0.4001449E-01
   03  0.1999192E+05  0.4382679E+04  0.6983647E+01 -0.2513065E+01 -0.3958667E-01
   03  0.2003990E+05  0.4382679E+04  0.6787493E+01 -0.3037198E+01 -0.3910505E-01
   03  0.2008788E+05  0.4382680E+04  0.6582211E+01 -0.3540776E+01 -0.3856012E-01
   03  0.2013586E+05  0.4382681E+04  0.6367919E+01 -0.4017261E+01 -0.3795148E-01
   03  0.2018384E+05  0.4382681E+04  0.6145605E+01 -0.4461720E+01 -0.3728465E-01
   03  0.2023182E+05  0.4382682E+04  0.5917103E+01 -0.4870952E+01 -0.3656917E-01
   03  0.2027980E+05  0.4382683E+04  0.5684978E+01 -0.5243157E+01 -0.3581912E-01
   03  0.2032778E+05  0.4382683E+04  0.5452729E+01 -0.5577381E+01 -0.3505318E-01
   03  0.2037576E+05  0.4382684E+04  0.5224698E+01 -0.5873041E+01 -0.3429328E-01
   03  0.2042374E+05  0.4382685E+04  0.5005464E+01 -0.6129730E+01 -0.3356256E-01
   03  0.2047172E+05  0.4382686E+04  0.4799279E+01 -0.6347450E+01 -0.3288294E-01
   03  0.2051970E+05  0.4382686E+04  0.4609909E+01 -0.6526924E+01 -0.3227497E-01
   03  0.2056768E+05  0.4382687E+04  0.4440510E+01 -0.6669774E+01 -0.3175592E-01
   03  0.2061566E+05  0.4382687E+04  0.4294016E+01 -0.6778427E+01 -0.3134897E-01
   03  0.2066364E+05  0.4382687E+04  0.4176080E+01 -0.6855406E+01 -0.3108182E-01
   03  0.2071162E+05  0.4382688E+04  0.4089633E+01 -0.6903992E+01 -0.3098476E-01
   03  0.2075960E+05  0.4382687E+04  0.4043830E+01 -0.6927652E+01 -0.3109834E-01
   03  0.2080758E+05  0.4382687E+04  0.4028484E+01 -0.6926621E+01 -0.3137023E-01
   03  0.2085556E+05  0.4382687E+04  0.4025315E+01 -0.6904373E+01 -0.3167110E-01
   03  0.2090354E+05  0.4382687E+04  0.4031064E+01 -0.6861827E+01 -0.3199175E-01
   03  0.2095152E+05  0.4382686E+04  0.4052262E+01 -0.6801751E+01 -0.3240618E-01
   03  0.2099950E+05  0.4382686E+04  0.4094580E+01 -0.6719469E+01 -0.3293132E-01
   03  0.2104749E+05  0.4382685E+04  0.4143708E+01 -0.6613465E+01 -0.3349480E-01
   03  0.2109547E+05  0.4382685E+04  0.4183697E+01 -0.6483965E+01 -0.3401328E-01
   03  0.2114345E+05  0.4382684E+04  0.4202996E+01 -0.6330241E+01 -0.3441695E-01
   03  0.2119143E+05  0.4382684E+04  0.4189354E+01 -0.6152696E+01 -0.3462982E-01
   03  0.2123941E+05  0.4382684E+04  0.4150441E+01 -0.5957185E+01 -0.3466101E-01
   03  0.2128739E+05  0.4382684E+04  0.4099813E+01 -0.5744570E+01 -0.3452813E-01
   03  0.2133537E+05  0.4382684E+04  0.4035140E+01 -0.5510275E+01 -0.3417232E-01
   03  0.2136845E+05  0.4382685E+04  0.3977217E+01 -0.5335583E+01 -0.3378171E-01
   03  0.2140153E+05  0.4382685E+04  0.3908688E+01 -0.5151241E+01 -0.3327577E-01
   03  0.2143461E+05  0.4382686E+04  0.3829787E+01 -0.4958565E+01 -0.3266531E-01
   03  0.2146768E+05  0.4382687E+04  0.3740561E+01 -0.4758055E+01 -0.3195636E-01
   03  0.2150076E+05  0.4382687E+04  0.3641717E+01 -0.4549807E+01 -0.3114878E-01
   03  0.2153384E+05  0.4382688E+04  0.3533712E+01 -0.4333825E+01 -0.3024072E-01
   03  0.2156692E+05  0.4382689E+04  0.3415939E+01 -0.4110254E+01 -0.2923327E-01
   03  0.2160000E+05  0.4382690E+04  0.3287424E+01 -0.3879298E+01 -0.2812878E-01
   03  0.2164798E+05  0.4382692E+04  0.3080935E+01 -0.3532026E+01 -0.2635799E-01
   03  0.2169596E+05  0.4382694E+04  0.2850204E+01 -0.3171548E+01 -0.2439203E-01
   03  0.2174394E+05  0.4382696E+04  0.2593689E+01 -0.2800781E+01 -0.2225048E-01
   03  0.2179192E+05  0.4382699E+04  0.2313042E+01 -0.2423547E+01 -0.1995345E-01
   03  0.2183990E+05  0.4382701E+04  0.2010740E+01 -0.2043804E+01 -0.1752994E-01
   03  0.2188788E+05  0.4382704E+04  0.1691018E+01 -0.1665810E+01 -0.1500965E-01
   03  0.2193586E+05  0.4382706E+04  0.1358683E+01 -0.1293723E+01 -0.1242529E-01
   03  0.2198384E+05  0.4382709E+04  0.1017832E+01 -0.9312330E+00 -0.9810113E-02
   03  0.2203182E+05  0.4382711E+04  0.6713352E+00 -0.5813697E+00 -0.7192744E-02
   03  0.2207981E+05  0.4382714E+04  0.3207789E+00 -0.2464011E+00 -0.4592007E-02
   03  0.2212779E+05  0.4382717E+04 -0.3334236E-01  0.7226695E-01 -0.2014822E-02
   03  0.2217577E+05  0.4382719E+04 -0.3913791E+00  0.3740842E+00  0.5416599E-03
   03  0.2222375E+05  0.4382722E+04 -0.7541890E+00  0.6592087E+00  0.3084554E-02
   03  0.2227173E+05  0.4382724E+04 -0.1122591E+01  0.9281244E+00  0.5618812E-02
   03  0.2231971E+05  0.4382727E+04 -0.1496773E+01  0.1181137E+01  0.8141133E-02
   03  0.2236769E+05  0.4382729E+04 -0.1875838E+01  0.1417911E+01  0.1063534E-01
   03  0.2241567E+05  0.4382732E+04 -0.2257546E+01  0.1637218E+01  0.1307049E-01
   03  0.2246365E+05  0.4382734E+04 -0.2638317E+01  0.1836944E+01  0.1540311E-01
   03  0.2251163E+05  0.4382736E+04 -0.3013342E+01  0.2014478E+01  0.1758399E-01
   03  0.2255961E+05  0.4382738E+04 -0.3376552E+01  0.2167277E+01  0.1956635E-01
   03  0.2260759E+05  0.4382740E+04 -0.3721211E+01  0.2293392E+01  0.2131571E-01
   03  0.2265557E+05  0.4382741E+04 -0.4041127E+01  0.2391872E+01  0.2281737E-01
   03  0.2270355E+05  0.4382743E+04 -0.4331120E+01  0.2462316E+01  0.2408117E-01
   03  0.2275153E+05  0.4382744E+04 -0.4587703E+01  0.2503912E+01  0.2513642E-01
   03  0.2279951E+05  0.4382745E+04 -0.4805438E+01  0.2521387E+01  0.2600996E-01
   03  0.2284749E+05  0.4382745E+04 -0.4971179E+01  0.2518414E+01  0.2665501E-01
   03  0.2289547E+05  0.4382746E+04 -0.5050173E+01  0.2503396E+01  0.2699937E-01
   03  0.2294346E+05  0.4382746E+04 -0.5049504E+01  0.2476933E+01  0.2700787E-01
   03  0.2299144E+05  0.4382745E+04 -0.5017462E+01  0.2444479E+01  0.2691406E-01
   03  0.2303942E+05  0.4382745E+04 -0.4964527E+01  0.2407877E+01  0.2673062E-01
   03  0.2308740E+05  0.4382745E+04 -0.4877853E+01  0.2367651E+01  0.2636598E-01
   03  0.2313538E+05  0.4382744E+04 -0.4759743E+01  0.2326216E+01  0.2578344E-01
   03  0.2316846E+05  0.4382744E+04 -0.4663641E+01  0.2297515E+01  0.2525443E-01
   03  0.2320153E+05  0.4382743E+04 -0.4557640E+01  0.2268910E+01  0.2461708E-01
   03  0.2323461E+05  0.4382742E+04 -0.4440617E+01  0.2240600E+01  0.2387611E-01
   03  0.2326769E+05  0.4382742E+04 -0.4311742E+01  0.2212532E+01  0.2303233E-01
   03  0.2331179E+05  0.4382740E+04 -0.4119740E+01  0.2174397E+01  0.2175501E-01
   03  0.2335590E+05  0.4382739E+04 -0.3903375E+01  0.2134345E+01  0.2030982E-01
   03  0.2340000E+05  0.4382737E+04 -0.3664242E+01  0.2091251E+01  0.1869816E-01
   03  0.2344798E+05  0.4382735E+04 -0.3380782E+01  0.2039936E+01  0.1676858E-01
   03  0.2349596E+05  0.4382733E+04 -0.3075639E+01  0.1982327E+01  0.1469063E-01
   03  0.2354394E+05  0.4382731E+04 -0.2754315E+01  0.1914620E+01  0.1252358E-01
   03  0.2359192E+05  0.4382729E+04 -0.2422799E+01  0.1833544E+01  0.1032443E-01
   03  0.2363990E+05  0.4382727E+04 -0.2081657E+01  0.1743803E+01  0.8149967E-02
   03  0.2368788E+05  0.4382725E+04 -0.1737855E+01  0.1647324E+01  0.6030344E-02
   03  0.2373586E+05  0.4382723E+04 -0.1401415E+01  0.1545910E+01  0.3975670E-02
   03  0.2378384E+05  0.4382721E+04 -0.1075892E+01  0.1442382E+01  0.2009410E-02
   03  0.2383183E+05  0.4382719E+04 -0.7620913E+00  0.1343286E+01  0.1382162E-03
   03  0.2387981E+05  0.4382717E+04 -0.4634095E+00  0.1248064E+01 -0.1626353E-02
   03  0.2392779E+05  0.4382715E+04 -0.1823227E+00  0.1158342E+01 -0.3293977E-02
   03  0.2397577E+05  0.4382714E+04  0.8129438E-01  0.1076887E+01 -0.4888310E-02
   03  0.2402375E+05  0.4382712E+04  0.3293124E+00  0.1004847E+01 -0.6425973E-02
   03  0.2407173E+05  0.4382711E+04  0.5649622E+00  0.9415067E+00 -0.7913282E-02
   03  0.2411971E+05  0.4382709E+04  0.7917587E+00  0.8851593E+00 -0.9350138E-02
   03  0.2416769E+05  0.4382708E+04  0.1012487E+01  0.8342543E+00 -0.1073551E-01
   03  0.2421567E+05  0.4382706E+04  0.1228968E+01  0.7873471E+00 -0.1206456E-01
   03  0.2426365E+05  0.4382705E+04  0.1441445E+01  0.7423897E+00 -0.1332624E-01
   03  0.2431163E+05  0.4382704E+04  0.1648682E+01  0.6967412E+00 -0.1450285E-01
   03  0.2435961E+05  0.4382703E+04  0.1847377E+01  0.6483509E+00 -0.1557385E-01
   03  0.2440759E+05  0.4382702E+04  0.2030865E+01  0.5983004E+00 -0.1651015E-01
   03  0.2445557E+05  0.4382701E+04  0.2183854E+01  0.5515529E+00 -0.1724461E-01
   03  0.2450355E+05  0.4382701E+04  0.2280836E+01  0.5174226E+00 -0.1765933E-01
   03  0.2455153E+05  0.4382701E+04  0.2312646E+01  0.5000020E+00 -0.1771025E-01
   03  0.2459952E+05  0.4382701E+04  0.2323942E+01  0.4949187E+00 -0.1759932E-01
   03  0.2464750E+05  0.4382701E+04  0.2310731E+01  0.4979176E+00 -0.1733929E-01
   03  0.2469548E+05  0.4382702E+04  0.2271818E+01  0.5002902E+00 -0.1693191E-01
   03  0.2474346E+05  0.4382702E+04  0.2206101E+01  0.5010671E+00 -0.1638090E-01
   03  0.2479144E+05  0.4382703E+04  0.2114798E+01  0.5010786E+00 -0.1570019E-01
   03  0.2483942E+05  0.4382704E+04  0.2005825E+01  0.4962066E+00 -0.1491939E-01
   03  0.2488740E+05  0.4382704E+04  0.1886969E+01  0.4828856E+00 -0.1409849E-01
   03  0.2493538E+05  0.4382705E+04  0.1768048E+01  0.4593075E+00 -0.1328760E-01
   03  0.2498830E+05  0.4382706E+04  0.1647924E+01  0.4192871E+00 -0.1245724E-01
   03  0.2504123E+05  0.4382707E+04  0.1548142E+01  0.3648417E+00 -0.1173954E-01
   03  0.2509415E+05  0.4382707E+04  0.1474060E+01  0.2987237E+00 -0.1116360E-01
   03  0.2514708E+05  0.4382708E+04  0.1435558E+01  0.2256789E+00 -0.1077728E-01
   03  0.2520000E+05  0.4382708E+04  0.1415827E+01  0.1524770E+00 -0.1051081E-01
   03  0.2524798E+05  0.4382708E+04  0.1404807E+01  0.8987733E-01 -0.1032529E-01
   03  0.2529596E+05  0.4382708E+04  0.1405448E+01  0.3302580E-01 -0.1022156E-01
   03  0.2534394E+05  0.4382708E+04  0.1423637E+01 -0.1723066E-01 -0.1022813E-01
   03  0.2539192E+05  0.4382708E+04  0.1453152E+01 -0.6022078E-01 -0.1031288E-01
   03  0.2543990E+05  0.4382708E+04  0.1484446E+01 -0.9627783E-01 -0.1039566E-01
   03  0.2548788E+05  0.4382708E+04  0.1512221E+01 -0.1281983E+00 -0.1042138E-01
   03  0.2553586E+05  0.4382708E+04  0.1531850E+01 -0.1614846E+00 -0.1036049E-01
   03  0.2558384E+05  0.4382708E+04  0.1543901E+01 -0.2008604E+00 -0.1023157E-01
   03  0.2563183E+05  0.4382708E+04  0.1547310E+01 -0.2490758E+00 -0.1005365E-01
   03  0.2567981E+05  0.4382709E+04  0.1548384E+01 -0.3076601E+00 -0.9862686E-02
   03  0.2572779E+05  0.4382709E+04  0.1544561E+01 -0.3743587E+00 -0.9667640E-02
   03  0.2577577E+05  0.4382709E+04  0.1531138E+01 -0.4480531E+00 -0.9487703E-02
   03  0.2582375E+05  0.4382709E+04  0.1511062E+01 -0.5252414E+00 -0.9355538E-02
   03  0.2587173E+05  0.4382709E+04  0.1481704E+01 -0.6019091E+00 -0.9281244E-02
   03  0.2591971E+05  0.4382709E+04  0.1444062E+01 -0.6746046E+00 -0.9270473E-02
   03  0.2596769E+05  0.4382709E+04  0.1400206E+01 -0.7415896E+00 -0.9318536E-02
   03  0.2601567E+05  0.4382709E+04  0.1352155E+01 -0.8036495E+00 -0.9406783E-02
   03  0.2606365E+05  0.4382709E+04  0.1301513E+01 -0.8647158E+00 -0.9496903E-02
   03  0.2611163E+05  0.4382709E+04  0.1248685E+01 -0.9317504E+00 -0.9532995E-02
   03  0.2615961E+05  0.4382709E+04  0.1193372E+01 -0.1013629E+01 -0.9446950E-02
   03  0.2620759E+05  0.4382709E+04  0.1133829E+01 -0.1120960E+01 -0.9166780E-02
   03  0.2625557E+05  0.4382710E+04  0.1072147E+01 -0.1262215E+01 -0.8626382E-02
   03  0.2630355E+05  0.4382711E+04  0.1005056E+01 -0.1439652E+01 -0.7814796E-02
   03  0.2635154E+05  0.4382712E+04  0.9317258E+00 -0.1650641E+01 -0.6766668E-02
   03  0.2639952E+05  0.4382713E+04  0.8595802E+00 -0.1887807E+01 -0.5537601E-02
   03  0.2644750E+05  0.4382714E+04  0.7945003E+00 -0.2140632E+01 -0.4220383E-02
   03  0.2649548E+05  0.4382716E+04  0.7419995E+00 -0.2396357E+01 -0.2929923E-02
   02  0.2654346E+05  0.4425457E+04  0.9368902E+00 -0.2244483E+01 -0.4603300E-02
   02  0.2673538E+05  0.4425457E+04  0.9390382E+00 -0.2535937E+01 -0.4289759E-02
   02  0.2686769E+05  0.4425457E+04  0.9256542E+00 -0.2631017E+01 -0.4189709E-02
   01  0.2700000E+05  0.4427348E+04  0.8044299E+00 -0.2248724E+01 -0.3774332E-02
   01  0.2738385E+05  0.4427351E+04  0.3804717E+00 -0.2281718E+01 -0.1196376E-02
   01  0.2776769E+05  0.4427354E+04 -0.8595630E-01 -0.2112769E+01  0.1646603E-02
   01  0.2815154E+05  0.4427356E+04 -0.4791616E+00 -0.1748009E+01  0.3936573E-02
   01  0.2853538E+05  0.4427357E+04 -0.6867826E+00 -0.1323482E+01  0.5316286E-02
   01  0.2880000E+05  0.4427358E+04 -0.7018231E+00 -0.1002027E+01  0.5489454E-02
   01  0.2918385E+05  0.4427357E+04 -0.5954358E+00 -0.5310796E+00  0.4848649E-02
   01  0.2956769E+05  0.4427356E+04 -0.4223042E+00 -0.8542767E-01  0.3495632E-02
   01  0.2995154E+05  0.4427354E+04 -0.1946252E+00  0.2987630E+00  0.1536510E-02
   01  0.3033538E+05  0.4427351E+04  0.6510638E-01  0.5891141E+00 -0.8393745E-03
   01  0.3060000E+05  0.4427350E+04  0.2353960E+00  0.7252178E+00 -0.2513963E-02
   01  0.3098385E+05  0.4427347E+04  0.4424189E+00  0.8174770E+00 -0.4604924E-02
   01  0.3136769E+05  0.4427346E+04  0.5882289E+00  0.8178200E+00 -0.6148479E-02
   01  0.3175154E+05  0.4427345E+04  0.6723972E+00  0.7671685E+00 -0.7130419E-02
   01  0.3213538E+05  0.4427344E+04  0.7019791E+00  0.6943938E+00 -0.7619025E-02
